[app/ui]
version = 8.2.3
modtime = 1649130933.628990000

[app/launcher]
version = 8.2.3
modtime = 1649130933.630113000
